2024 1 1 1353
2024 1 2 5544
2024 1 3 27642
2024 2 1 36
2024 2 2 5124
2024 2 3 11726
2024 3 1 121
2024 3 2 2788
2024 3 3 10636
2024 4 1 65
2024 4 2 811900
2024 4 3 126026200
2024 5 1 2425
2024 5 2 18031509608450
2024 5 3 9435100510031005
2024 6 1 RRQPNFRWPHJQ@
2024 6 2 RQVVRVLDPG@
2024 6 3 RBPVMNJDKMLV@
2024 7 1 DIHABJCKG
2024 7 2 DAJEFBHGK
2024 7 3 3655
2024 8 1 11276465
2024 8 2 113541750
2024 8 3 37396
2024 9 1 13724
2024 9 2 5116
2024 9 3 145899
2024 10 1 FNLHCBZTVJQPGDSX
2024 10 2 194289
2024 10 3 215899
