2015 1 1 74
2015 1 2 1795
2015 2 1 1598415
2015 2 2 3812909
2015 3 1 2565
2015 3 2 2639
2015 4 1 254575
2015 4 2 1038736
2015 5 1 236
2015 5 2 51
2015 6 1 543903
2015 6 2 14687245
2015 7 1 46065
2015 7 2 14134
2015 8 1 1333
2015 8 2 2046
2015 9 1 141
2015 9 2 736
2015 10 1 252594
2015 10 2 3579328
2015 11 1 cqjxxyzz
2015 11 2 cqkaabcc
2015 12 1 111754
2015 12 2 65402
2015 13 1 618
2015 13 2 601
2015 14 1 2640
2015 14 2 1102
2015 15 1 13882464
2015 15 2 11171160
2015 16 1 103
2015 16 2 405
2015 17 1 1638
2015 17 2 17
2015 18 1 821
2015 18 2 886
2015 19 1 509
2015 19 2 195
2015 20 1 786240
2015 20 2 831600
2015 21 1 111
2015 21 2 188
2015 22 1 1269
2015 22 2 1309
2015 23 1 170
2015 23 2 247
2015 24 1 10439961859
2015 24 2 72050269
2015 25 1 19980801
2016 1 1 236
2016 1 2 182
2016 2 1 19636
2016 2 2 3CC43
2016 3 1 993
2016 3 2 1849
2016 4 1 409147
2016 4 2 991
2016 5 1 1a3099aa
2016 5 2 694190cd
2016 6 1 cyxeoccr
2016 6 2 batwpask
2016 7 1 115
2016 7 2 231
2016 8 1 110
2016 8 2 ████   ██ █  █ ███  █  █  ██  ███  █    █   █  ██
2016 8 2    █    █ █  █ █  █ █ █  █  █ █  █ █    █   █   █
2016 8 2   █     █ ████ █  █ ██   █    █  █ █     █ █    █
2016 8 2  █      █ █  █ ███  █ █  █    ███  █      █     █
2016 8 2 █    █  █ █  █ █ █  █ █  █  █ █    █      █  █  █
2016 8 2 ████  ██  █  █ █  █ █  █  ██  █    ████   █   ██
2016 9 1 97714
2016 9 2 10762972461
2016 10 1 73
2016 10 2 3965
2016 11 1 33
2016 11 2 57
2016 12 1 318003
2016 12 2 9227657
2016 13 1 90
2016 13 2 135
2016 14 1 15035
2016 14 2 19968
2016 15 1 317371
2016 15 2 2080951
2016 16 1 11101010111100010
2016 16 2 01001101001000101
2016 17 1 DDRUDLRRRD
2016 17 2 398
2016 18 1 1956
2016 18 2 19995121
2016 19 1 1816277
2016 19 2 1410967
2016 20 1 19449262
2016 20 2 119
2016 21 1 ghfacdbe
2016 21 2 fhgcdaeb
2016 22 1 924
2016 22 2 213
2016 23 1 13050
2016 23 2 479009610
2016 24 1 502
2016 24 2 724
2016 25 1 192
2017 1 1 1343
2017 1 2 1274
2017 2 1 53978
2017 2 2 314
2017 3 1 475
2017 3 2 279138
2017 4 1 451
2017 4 2 223
2017 5 1 373543
2017 5 2 27502966
2017 6 1 12841
2017 6 2 8038
2017 7 1 vtzay
2017 7 2 910
2017 8 1 3089
2017 8 2 5391
2017 9 1 12803
2017 9 2 6425
2017 10 1 13760
2017 10 2 2da93395f1a6bb3472203252e3b17fe5
2017 11 1 824
2017 11 2 1548
2017 12 1 380
2017 12 2 181
2017 13 1 1300
2017 13 2 3870382
2017 14 1 8226
2017 14 2 1128
2017 15 1 569
2017 15 2 298
2017 16 1 glnacbhedpfjkiom
2017 16 2 fmpanloehgkdcbji
2017 17 1 596
2017 17 2 39051595
2017 18 1 4601
2017 18 2 6858
2017 19 1 DTOUFARJQ
2017 19 2 16642
2017 20 1 91
2017 20 2 567
2017 21 1 203
2017 21 2 3342470
2017 22 1 5565
2017 22 2 2511978
2017 23 1 4225
2017 23 2 905
2017 24 1 1859
2017 24 2 1799
2017 25 1 4287
2018 1 1 592
2018 1 2 241
2018 2 1 6000
2018 2 2 pbykrmjmizwhxlqnasfgtycdv
2018 3 1 116489
2018 3 2 1260
2018 4 1 99911
2018 4 2 65854
2018 5 1 11636
2018 5 2 5302
2018 6 1 5429
2018 6 2 32614
2018 7 1 GKRVWBESYAMZDPTIUCFXQJLHNO
2018 7 2 903
2018 8 1 42768
2018 8 2 34348
2018 9 1 412117
2018 9 2 3444129546
2018 10 1 █       █    █     ███  ██████  █    █    ██    █    █    ██
2018 10 1 █       █    █      █   █       █   █    █  █   █    █   █  █
2018 10 1 █        █  █       █   █       █  █    █    █   █  █   █    █
2018 10 1 █        █  █       █   █       █ █     █    █   █  █   █    █
2018 10 1 █         ██        █   █████   ██      █    █    ██    █    █
2018 10 1 █         ██        █   █       ██      ██████    ██    ██████
2018 10 1 █        █  █       █   █       █ █     █    █   █  █   █    █
2018 10 1 █        █  █   █   █   █       █  █    █    █   █  █   █    █
2018 10 1 █       █    █  █   █   █       █   █   █    █  █    █  █    █
2018 10 1 ██████  █    █   ███    █       █    █  █    █  █    █  █    █
2018 10 2 10312
2018 11 1 33,45
2018 11 2 233,116,15
2018 12 1 3915
2018 12 2 4900000001793
2018 13 1 50,54
2018 13 2 50,100
2018 14 1 2688510125
2018 14 2 20188250
2018 15 1 248848
2018 15 2 64848
2018 16 1 542
2018 16 2 575
2018 17 1 38364
2018 17 2 30551
2018 18 1 507755
2018 18 2 235080
2018 19 1 1530
2018 19 2 16533000
2018 20 1 3958
2018 20 2 8566
2018 21 1 16311888
2018 21 2 1413889
2018 22 1 4479
2018 22 2 1032
2018 23 1 609
2018 23 2 130370534
2018 24 1 16006
2018 24 2 6221
2018 25 1 396
2019 1 1 3427947
2019 1 2 5139037
2019 2 1 3166704
2019 2 2 8018
2019 3 1 870
2019 3 2 13698
2019 4 1 966
2019 4 2 628
2019 5 1 5182797
2019 5 2 12077198
2019 6 1 300598
2019 6 2 520
2019 7 1 117312
2019 7 2 1336480
2019 8 1 1905
2019 8 2  ██   ██  █  █ ███  ████
2019 8 2 █  █ █  █ █ █  █  █    █
2019 8 2 █  █ █    ██   █  █   █
2019 8 2 ████ █    █ █  ███   █
2019 8 2 █  █ █  █ █ █  █    █
2019 8 2 █  █  ██  █  █ █    ████
2019 9 1 3512778005
2019 9 2 35920
2019 10 1 344
2019 10 2 2732
2019 11 1 2539
2019 11 2  ████ █    ████ ███  █  █   ██ ███   ██
2019 11 2     █ █    █    █  █ █ █     █ █  █ █  █
2019 11 2    █  █    ███  ███  ██      █ █  █ █  █
2019 11 2   █   █    █    █  █ █ █     █ ███  ████
2019 11 2  █    █    █    █  █ █ █  █  █ █ █  █  █
2019 11 2  ████ ████ ████ ███  █  █  ██  █  █ █  █
2019 12 1 7471
2019 12 2 376243355967784
2019 13 1 268
2019 13 2 13989
2019 14 1 1582325
2019 14 2 2267486
2019 15 1 236
2019 15 2 368
2019 16 1 76795888
2019 16 2 84024125
2019 17 1 6448
2019 17 2 914900
2019 18 1 6162
2019 18 2 1556
2019 19 1 229
2019 19 2 6950903
2019 20 1 626
2019 20 2 6912
2019 21 1 19355227
2019 21 2 1143802926
2019 22 1 7860
2019 22 2 61256063148970
2019 23 1 22134
2019 23 2 16084
2019 24 1 17863711
2019 24 2 1937
2019 25 1 1077936448
2020 1 1 787776
2020 1 2 262738554
2020 2 1 460
2020 2 2 251
2020 3 1 216
2020 3 2 6708199680
2020 4 1 256
2020 4 2 198
2020 5 1 974
2020 5 2 646
2020 6 1 6430
2020 6 2 3125
2020 7 1 148
2020 7 2 24867
2020 8 1 1528
2020 8 2 640
2020 9 1 105950735
2020 9 2 13826915
2020 10 1 2244
2020 10 2 3947645370368
2020 11 1 2194
2020 11 2 1944
2020 12 1 2228
2020 12 2 42908
2020 13 1 2095
2020 13 2 598411311431841
2020 14 1 13727901897109
2020 14 2 5579916171823
2020 15 1 1665
2020 15 2 16439
2020 16 1 25972
2020 16 2 622670335901
2020 17 1 322
2020 17 2 2000
2020 18 1 7147789965219
2020 18 2 136824720421264
2020 19 1 187
2020 19 2 392
2020 20 1 54755174472007
2020 20 2 1692
2020 21 1 2517
2020 21 2 rhvbn,mmcpg,kjf,fvk,lbmt,jgtb,hcbdb,zrb
2020 22 1 33631
2020 22 2 33469
2020 23 1 76385429
2020 23 2 12621748849
2020 24 1 459
2020 24 2 4150
2020 25 1 296776
2021 1 1 1233
2021 1 2 1275
2021 2 1 1654760
2021 2 2 1956047400
2021 3 1 4191876
2021 3 2 3414905
2021 4 1 22680
2021 4 2 16168
2021 5 1 6461
2021 5 2 18065
2021 6 1 346063
2021 6 2 1572358335990
2021 7 1 335330
2021 7 2 92439766
2021 8 1 272
2021 8 2 1007675
2021 9 1 491
2021 9 2 1075536
2021 10 1 243939
2021 10 2 2421222841
2021 11 1 1588
2021 11 2 517
2021 12 1 4775
2021 12 2 152480
2021 13 1 747
2021 13 2  ██  ███  █  █ ████ ███   ██  █  █ █  █
2021 13 2 █  █ █  █ █  █    █ █  █ █  █ █  █ █  █
2021 13 2 █  █ █  █ ████   █  █  █ █    █  █ ████
2021 13 2 ████ ███  █  █  █   ███  █    █  █ █  █
2021 13 2 █  █ █ █  █  █ █    █    █  █ █  █ █  █
2021 13 2 █  █ █  █ █  █ ████ █     ██   ██  █  █
2021 14 1 2915
2021 14 2 3353146900153
2021 15 1 619
2021 15 2 2922
2021 16 1 938
2021 16 2 1495959086337
2021 17 1 33670
2021 17 2 4903
2021 18 1 3987
2021 18 2 4500
2021 19 1 414
2021 19 2 13000
2021 20 1 5479
2021 20 2 19012
2021 21 1 906093
2021 21 2 274291038026362
2021 22 1 650099
2021 22 2 1254011191104293
2021 23 1 16157
2021 23 2 43481
2021 24 1 12934998949199
2021 24 2 11711691612189
2021 25 1 367
2022 1 1 75622
2022 1 2 213159
2022 2 1 11666
2022 2 2 12767
2022 3 1 8243
2022 3 2 2631
2022 4 1 498
2022 4 2 859
2022 5 1 WCZTHTMPS
2022 5 2 BLSGJSDTS
2022 6 1 1920
2022 6 2 2334
2022 7 1 1334506
2022 7 2 7421137
2022 8 1 1816
2022 8 2 383520
2022 9 1 6470
2022 9 2 2658
2022 10 1 16480
2022 10 2 ███  █    ████ ████ █  █ █    ███  ███
2022 10 2 █  █ █    █    █    █  █ █    █  █ █  █
2022 10 2 █  █ █    ███  ███  █  █ █    █  █ ███
2022 10 2 ███  █    █    █    █  █ █    ███  █  █
2022 10 2 █    █    █    █    █  █ █    █    █  █
2022 10 2 █    ████ ████ █     ██  ████ █    ███
2022 11 1 102399
2022 11 2 23641658401
2022 12 1 383
2022 12 2 377
2022 13 1 5198
2022 13 2 22344
2022 14 1 888
2022 14 2 26461
2022 15 1 5073496
2022 15 2 13081194638237
2022 16 1 1944
2022 16 2 2679
2022 17 1 3151
2022 17 2 1560919540245
2022 18 1 4340
2022 18 2 2468
2022 19 1 1466
2022 19 2 8250
2022 20 1 1087
2022 20 2 13084440324666
2022 21 1 80326079210554
2022 21 2 3617613952378
2022 22 1 88268
2022 22 2 124302
2022 23 1 3815
2022 23 2 893
2022 24 1 334
2022 24 2 934
2022 25 1 20=2-02-0---02=22=21
2023 1 1 55208
2023 1 2 54578
2023 2 1 2795
2023 2 2 75561
2023 3 1 507214
2023 3 2 72553319
2023 4 1 21568
2023 4 2 11827296
2023 5 1 31599214
2023 5 2 20358599
2023 6 1 4811940
2023 6 2 30077773
2023 7 1 251806792
2023 7 2 252113488
2023 8 1 24253
2023 8 2 12357789728873
2023 9 1 1904165718
2023 9 2 964
2023 10 1 6697
2023 10 2 423
2023 11 1 9693756
2023 11 2 717878258016
2023 12 1 7716
2023 12 2 18716325559999
2023 13 1 33122
2023 13 2 32312
2023 14 1 107142
2023 14 2 104815
2023 15 1 519603
2023 15 2 244342
2023 16 1 6605
2023 16 2 6766
2023 17 1 886
2023 17 2 1055
2023 18 1 48652
2023 18 2 45757884535661
2023 19 1 331208
2023 19 2 121464316215623
2023 20 1 896998430
2023 20 2 236095992539963
2023 21 1 3788
2023 21 2 631357596621921
2023 22 1 530
2023 22 2 93292
2023 23 1 2154
2023 23 2 6654
2023 24 1 16018
2023 24 2 1004774995964534
2023 25 1 552682
2024 1 1 2375403
2024 1 2 23082277
2024 2 1 202
2024 2 2 271
2024 3 1 192767529
2024 3 2 104083373
2024 4 1 2639
2024 4 2 2005
2024 5 1 4774
2024 5 2 6004
2024 6 1 5095
2024 6 2 1933
2024 7 1 2941973819040
2024 7 2 249943041417600
2024 8 1 256
2024 8 2 1005
2024 9 1 6435922584968
2024 9 2 6469636832766
2024 10 1 822
2024 10 2 1801
2024 11 1 224529
2024 11 2 266820198587914
2024 12 1 1477762
2024 12 2 923480
2024 13 1 37680
2024 13 2 87550094242995
2024 14 1 229632480
2024 14 2 7051
2024 15 1 1527563
2024 15 2 1521635
2024 16 1 106512
2024 16 2 563
2024 17 1 7,1,5,2,4,0,7,6,1
2024 17 2 37222273957364
2024 18 1 314
2024 18 2 15,20
2024 19 1 209
2024 19 2 777669668613191
2024 20 1 1524
2024 20 2 1033746
2024 21 1 206798
2024 21 2 251508572750680
2024 22 1 16999668565
2024 22 2 1898
2024 23 1 1156
2024 23 2 bx,cx,dr,dx,is,jg,km,kt,li,lt,nh,uf,um
2024 24 1 36902370467952
2024 24 2 cvp,mkk,qbw,wcb,wjb,z10,z14,z34
2024 25 1 3508
2025 1 1 1066
2025 1 2 6223
2025 2 1 29940924880
2025 2 2 48631958998
2025 3 1 17427
2025 3 2 173161749617495
2025 4 1 1549
2025 4 2 8887
